{
 "cells": [
  {
   "cell_type": "code",
   "execution_count": 1,
   "metadata": {},
   "outputs": [],
   "source": [
    "%load_ext autoreload\n",
    "%autoreload 2"
   ]
  },
  {
   "cell_type": "code",
   "execution_count": 2,
   "metadata": {},
   "outputs": [],
   "source": [
    "import sys\n",
    "sys.path.append(\"../\")\n",
    "sys.path.append(\"../experiments/\")"
   ]
  },
  {
   "cell_type": "code",
   "execution_count": 3,
   "metadata": {},
   "outputs": [],
   "source": [
    "import os\n",
    "\n",
    "import dill\n",
    "import pandas as pd\n",
    "from pathlib import Path\n",
    "from transformers import RobertaTokenizer, RobertaForSequenceClassification\n",
    "\n",
    "from xbert.engine import calculate_correlation\n",
    "from mnli import (read_mnli_dataset, dataset_to_input_instances, get_labels, predict,\n",
    "                  MNLI_IDX2LABEL, MNLI_LABEL2IDX, OCCLUSION_STRATEGIES, GRAD_STRATEGIES, ALL_STRATEGIES)"
   ]
  },
  {
   "cell_type": "code",
   "execution_count": 33,
   "metadata": {},
   "outputs": [],
   "source": [
    "from typing import List, Dict, Any\n",
    "\n",
    "\n",
    "def experiment_load_relevances(experiment_dir: str,\n",
    "                               relevance_filename: str = \"relevances.pkl\"):\n",
    "    path = Path(experiment_dir)\n",
    "    \n",
    "    experiment_relevances = {}\n",
    "    for relevance_file in path.glob(f\"**/{relevance_filename}\"):\n",
    "        name = relevance_file.parents[0].name\n",
    "        with relevance_file.open(\"rb\") as f:\n",
    "            relevances = dill.load(f)\n",
    "            experiment_relevances[name] = relevances\n",
    "            \n",
    "    return experiment_relevances\n",
    "\n",
    "\n",
    "def experiment_relevance_correlation(relevances: Dict[str, Any],\n",
    "                                     strategies: List[str] = None,\n",
    "                                     strategy_name_map: Dict[str, str] = None):\n",
    "    strategies = strategies or ALL_STRATEGIES\n",
    "    #strategies = set(strategies) & set(relevances.keys())\n",
    "    strategy_name_map = strategy_name_map or {}\n",
    "    \n",
    "    correlations = []\n",
    "    for strategy_a in strategies:\n",
    "        strategy_a_mapped = strategy_name_map.get(strategy_a, strategy_a)\n",
    "        \n",
    "        correlation = {\"Method\": strategy_a_mapped}\n",
    "        for strategy_b in strategies:\n",
    "            strategy_b_mapped = strategy_name_map.get(strategy_b, strategy_b)\n",
    "            corr = calculate_correlation(relevances[strategy_a], relevances[strategy_b])\n",
    "            correlation[strategy_b_mapped] = corr\n",
    "        correlations.append(correlation)\n",
    "            \n",
    "    df = pd.DataFrame(correlations)\n",
    "    df = df.set_index(\"Method\")\n",
    "    \n",
    "    #df.columns = pd.MultiIndex.from_tuples([(\"Occlusion\" if strategy in OCCLUSION_STRATEGIES else \"Gradient\",\n",
    "    #                                         strategy_name_map.get(strategy, strategy))\n",
    "    #                                        for strategy in strategies])\n",
    "    \n",
    "    return df\n",
    "\n",
    "\n",
    "def combined_table(task_correlations, strategies):\n",
    "    \n",
    "    indices = []\n",
    "    column_dfs = []\n",
    "    for task, correlations in task_correlations:\n",
    "        for strategy in strategies:\n",
    "            indices.append((task, strategy))\n",
    "            column_dfs.append(correlations.loc[strategy])\n",
    "            \n",
    "    df = pd.DataFrame(column_dfs).T\n",
    "    df.columns = pd.MultiIndex.from_tuples(indices)\n",
    "    \n",
    "    return df"
   ]
  },
  {
   "cell_type": "code",
   "execution_count": 28,
   "metadata": {},
   "outputs": [],
   "source": [
    "RESULTS_DIR = \"/home/christoph/Downloads/xbert_results/\"\n",
    "\n",
    "STRATEGY_NAME_MAPPING = {\n",
    "    \"unk\": \"Unk\",\n",
    "    \"delete\": \"Delete\",\n",
    "    \"resampling\": \"OLM\",\n",
    "    \"resampling_std\": \"OLM-S\",\n",
    "    \"grad\": \"Grad.\",\n",
    "    \"gradxinput\": \"Grad*Input\",\n",
    "    \"saliency\": \"Sensitivity\",\n",
    "    \"integratedgrad\": \"Integr. grad\"\n",
    "}"
   ]
  },
  {
   "cell_type": "markdown",
   "metadata": {},
   "source": [
    "# MNLI"
   ]
  },
  {
   "cell_type": "code",
   "execution_count": 29,
   "metadata": {},
   "outputs": [
    {
     "name": "stderr",
     "output_type": "stream",
     "text": [
      "/home/christoph/.pyenv/versions/3.7.4/envs/xbert/lib/python3.7/site-packages/numpy/lib/function_base.py:2534: RuntimeWarning: invalid value encountered in true_divide\n",
      "  c /= stddev[:, None]\n",
      "/home/christoph/.pyenv/versions/3.7.4/envs/xbert/lib/python3.7/site-packages/numpy/lib/function_base.py:2535: RuntimeWarning: invalid value encountered in true_divide\n",
      "  c /= stddev[None, :]\n"
     ]
    },
    {
     "name": "stdout",
     "output_type": "stream",
     "text": [
      "\\begin{tabular}{lrrrrrrrr}\n",
      "\\toprule\n",
      "{} &   Unk &  Delete &   OLM &  OLM-S &  Grad. &  Grad*Input &  Sensitivity &  Integr. grad \\\\\n",
      "Method       &       &         &       &        &        &             &              &               \\\\\n",
      "\\midrule\n",
      "Unk          &  1.00 &    0.73 &  0.58 &   0.32 &   0.00 &       -0.03 &         0.22 &          0.32 \\\\\n",
      "Delete       &  0.73 &    1.00 &  0.60 &   0.32 &   0.01 &       -0.05 &         0.23 &          0.34 \\\\\n",
      "OLM          &  0.58 &    0.60 &  1.00 &   0.61 &   0.00 &       -0.03 &         0.27 &          0.28 \\\\\n",
      "OLM-S        &  0.32 &    0.32 &  0.61 &   1.00 &  -0.00 &       -0.01 &         0.35 &          0.20 \\\\\n",
      "Grad.        &  0.00 &    0.01 &  0.00 &  -0.00 &   1.00 &       -0.00 &         0.00 &          0.00 \\\\\n",
      "Grad*Input   & -0.03 &   -0.05 & -0.03 &  -0.01 &  -0.00 &        1.00 &         0.03 &          0.00 \\\\\n",
      "Sensitivity  &  0.22 &    0.23 &  0.27 &   0.35 &   0.00 &        0.03 &         1.00 &          0.17 \\\\\n",
      "Integr. grad &  0.32 &    0.34 &  0.28 &   0.20 &   0.00 &        0.00 &         0.17 &          1.00 \\\\\n",
      "\\bottomrule\n",
      "\\end{tabular}\n",
      "\n"
     ]
    },
    {
     "data": {
      "text/html": [
       "<div>\n",
       "<style scoped>\n",
       "    .dataframe tbody tr th:only-of-type {\n",
       "        vertical-align: middle;\n",
       "    }\n",
       "\n",
       "    .dataframe tbody tr th {\n",
       "        vertical-align: top;\n",
       "    }\n",
       "\n",
       "    .dataframe thead th {\n",
       "        text-align: right;\n",
       "    }\n",
       "</style>\n",
       "<table border=\"1\" class=\"dataframe\">\n",
       "  <thead>\n",
       "    <tr style=\"text-align: right;\">\n",
       "      <th></th>\n",
       "      <th>Unk</th>\n",
       "      <th>Delete</th>\n",
       "      <th>OLM</th>\n",
       "      <th>OLM-S</th>\n",
       "      <th>Grad.</th>\n",
       "      <th>Grad*Input</th>\n",
       "      <th>Sensitivity</th>\n",
       "      <th>Integr. grad</th>\n",
       "    </tr>\n",
       "    <tr>\n",
       "      <th>Method</th>\n",
       "      <th></th>\n",
       "      <th></th>\n",
       "      <th></th>\n",
       "      <th></th>\n",
       "      <th></th>\n",
       "      <th></th>\n",
       "      <th></th>\n",
       "      <th></th>\n",
       "    </tr>\n",
       "  </thead>\n",
       "  <tbody>\n",
       "    <tr>\n",
       "      <th>Unk</th>\n",
       "      <td>1.000000</td>\n",
       "      <td>0.734117</td>\n",
       "      <td>0.580645</td>\n",
       "      <td>0.316609</td>\n",
       "      <td>0.002294</td>\n",
       "      <td>-0.034539</td>\n",
       "      <td>0.222770</td>\n",
       "      <td>0.323415</td>\n",
       "    </tr>\n",
       "    <tr>\n",
       "      <th>Delete</th>\n",
       "      <td>0.734117</td>\n",
       "      <td>1.000000</td>\n",
       "      <td>0.601821</td>\n",
       "      <td>0.324969</td>\n",
       "      <td>0.005007</td>\n",
       "      <td>-0.045025</td>\n",
       "      <td>0.227364</td>\n",
       "      <td>0.337978</td>\n",
       "    </tr>\n",
       "    <tr>\n",
       "      <th>OLM</th>\n",
       "      <td>0.580645</td>\n",
       "      <td>0.601821</td>\n",
       "      <td>1.000000</td>\n",
       "      <td>0.610440</td>\n",
       "      <td>0.003561</td>\n",
       "      <td>-0.027769</td>\n",
       "      <td>0.272469</td>\n",
       "      <td>0.275429</td>\n",
       "    </tr>\n",
       "    <tr>\n",
       "      <th>OLM-S</th>\n",
       "      <td>0.316609</td>\n",
       "      <td>0.324969</td>\n",
       "      <td>0.610440</td>\n",
       "      <td>1.000000</td>\n",
       "      <td>-0.002372</td>\n",
       "      <td>-0.005132</td>\n",
       "      <td>0.346814</td>\n",
       "      <td>0.197998</td>\n",
       "    </tr>\n",
       "    <tr>\n",
       "      <th>Grad.</th>\n",
       "      <td>0.002294</td>\n",
       "      <td>0.005007</td>\n",
       "      <td>0.003561</td>\n",
       "      <td>-0.002372</td>\n",
       "      <td>1.000000</td>\n",
       "      <td>-0.000932</td>\n",
       "      <td>0.003702</td>\n",
       "      <td>0.002953</td>\n",
       "    </tr>\n",
       "    <tr>\n",
       "      <th>Grad*Input</th>\n",
       "      <td>-0.034539</td>\n",
       "      <td>-0.045025</td>\n",
       "      <td>-0.027769</td>\n",
       "      <td>-0.005132</td>\n",
       "      <td>-0.000932</td>\n",
       "      <td>1.000000</td>\n",
       "      <td>0.029389</td>\n",
       "      <td>0.002813</td>\n",
       "    </tr>\n",
       "    <tr>\n",
       "      <th>Sensitivity</th>\n",
       "      <td>0.222770</td>\n",
       "      <td>0.227364</td>\n",
       "      <td>0.272469</td>\n",
       "      <td>0.346814</td>\n",
       "      <td>0.003702</td>\n",
       "      <td>0.029389</td>\n",
       "      <td>1.000000</td>\n",
       "      <td>0.169672</td>\n",
       "    </tr>\n",
       "    <tr>\n",
       "      <th>Integr. grad</th>\n",
       "      <td>0.323415</td>\n",
       "      <td>0.337978</td>\n",
       "      <td>0.275429</td>\n",
       "      <td>0.197998</td>\n",
       "      <td>0.002953</td>\n",
       "      <td>0.002813</td>\n",
       "      <td>0.169672</td>\n",
       "      <td>1.000000</td>\n",
       "    </tr>\n",
       "  </tbody>\n",
       "</table>\n",
       "</div>"
      ],
      "text/plain": [
       "                   Unk    Delete       OLM     OLM-S     Grad.  Grad*Input  \\\n",
       "Method                                                                       \n",
       "Unk           1.000000  0.734117  0.580645  0.316609  0.002294   -0.034539   \n",
       "Delete        0.734117  1.000000  0.601821  0.324969  0.005007   -0.045025   \n",
       "OLM           0.580645  0.601821  1.000000  0.610440  0.003561   -0.027769   \n",
       "OLM-S         0.316609  0.324969  0.610440  1.000000 -0.002372   -0.005132   \n",
       "Grad.         0.002294  0.005007  0.003561 -0.002372  1.000000   -0.000932   \n",
       "Grad*Input   -0.034539 -0.045025 -0.027769 -0.005132 -0.000932    1.000000   \n",
       "Sensitivity   0.222770  0.227364  0.272469  0.346814  0.003702    0.029389   \n",
       "Integr. grad  0.323415  0.337978  0.275429  0.197998  0.002953    0.002813   \n",
       "\n",
       "              Sensitivity  Integr. grad  \n",
       "Method                                   \n",
       "Unk              0.222770      0.323415  \n",
       "Delete           0.227364      0.337978  \n",
       "OLM              0.272469      0.275429  \n",
       "OLM-S            0.346814      0.197998  \n",
       "Grad.            0.003702      0.002953  \n",
       "Grad*Input       0.029389      0.002813  \n",
       "Sensitivity      1.000000      0.169672  \n",
       "Integr. grad     0.169672      1.000000  "
      ]
     },
     "execution_count": 29,
     "metadata": {},
     "output_type": "execute_result"
    }
   ],
   "source": [
    "MNLI_RESULTS_PATH = os.path.join(RESULTS_DIR, \"mnli\")\n",
    "mnli_experiment_relevances = experiment_load_relevances(MNLI_RESULTS_PATH)\n",
    "\n",
    "mnli_correlation = experiment_relevance_correlation(mnli_experiment_relevances,\n",
    "                                                    strategies=[\"unk\", \"delete\", \"resampling\", \"resampling_std\", \"grad\", \"gradxinput\", \"saliency\", \"integratedgrad\"],\n",
    "                                                    strategy_name_map=STRATEGY_NAME_MAPPING)\n",
    "print(mnli_correlation.to_latex(float_format=\"{:0.2f}\".format, multicolumn_format=\"c\"))\n",
    "mnli_correlation"
   ]
  },
  {
   "cell_type": "markdown",
   "metadata": {},
   "source": [
    "# SST-2"
   ]
  },
  {
   "cell_type": "code",
   "execution_count": 30,
   "metadata": {},
   "outputs": [
    {
     "name": "stdout",
     "output_type": "stream",
     "text": [
      "\\begin{tabular}{lrrrrrrrr}\n",
      "\\toprule\n",
      "{} &   Unk &  Delete &  OLM &  OLM-S &  Grad. &  Grad*Input &  Sensitivity &  Integr. grad \\\\\n",
      "Method       &       &         &      &        &        &             &              &               \\\\\n",
      "\\midrule\n",
      "Unk          &  1.00 &    0.64 & 0.47 &   0.38 &  -0.00 &        0.03 &         0.18 &          0.36 \\\\\n",
      "Delete       &  0.64 &    1.00 & 0.52 &   0.39 &  -0.00 &        0.01 &         0.21 &          0.37 \\\\\n",
      "OLM          &  0.47 &    0.52 & 1.00 &   0.78 &   0.01 &        0.02 &         0.30 &          0.35 \\\\\n",
      "OLM-S        &  0.38 &    0.39 & 0.78 &   1.00 &   0.01 &        0.01 &         0.37 &          0.30 \\\\\n",
      "Grad.        & -0.00 &   -0.00 & 0.01 &   0.01 &   1.00 &        0.00 &         0.03 &          0.01 \\\\\n",
      "Grad*Input   &  0.03 &    0.01 & 0.02 &   0.01 &   0.00 &        1.00 &         0.03 &          0.04 \\\\\n",
      "Sensitivity  &  0.18 &    0.21 & 0.30 &   0.37 &   0.03 &        0.03 &         1.00 &          0.13 \\\\\n",
      "Integr. grad &  0.36 &    0.37 & 0.35 &   0.30 &   0.01 &        0.04 &         0.13 &          1.00 \\\\\n",
      "\\bottomrule\n",
      "\\end{tabular}\n",
      "\n"
     ]
    },
    {
     "data": {
      "text/html": [
       "<div>\n",
       "<style scoped>\n",
       "    .dataframe tbody tr th:only-of-type {\n",
       "        vertical-align: middle;\n",
       "    }\n",
       "\n",
       "    .dataframe tbody tr th {\n",
       "        vertical-align: top;\n",
       "    }\n",
       "\n",
       "    .dataframe thead th {\n",
       "        text-align: right;\n",
       "    }\n",
       "</style>\n",
       "<table border=\"1\" class=\"dataframe\">\n",
       "  <thead>\n",
       "    <tr style=\"text-align: right;\">\n",
       "      <th></th>\n",
       "      <th>Unk</th>\n",
       "      <th>Delete</th>\n",
       "      <th>OLM</th>\n",
       "      <th>OLM-S</th>\n",
       "      <th>Grad.</th>\n",
       "      <th>Grad*Input</th>\n",
       "      <th>Sensitivity</th>\n",
       "      <th>Integr. grad</th>\n",
       "    </tr>\n",
       "    <tr>\n",
       "      <th>Method</th>\n",
       "      <th></th>\n",
       "      <th></th>\n",
       "      <th></th>\n",
       "      <th></th>\n",
       "      <th></th>\n",
       "      <th></th>\n",
       "      <th></th>\n",
       "      <th></th>\n",
       "    </tr>\n",
       "  </thead>\n",
       "  <tbody>\n",
       "    <tr>\n",
       "      <th>Unk</th>\n",
       "      <td>1.000000</td>\n",
       "      <td>0.636484</td>\n",
       "      <td>0.469002</td>\n",
       "      <td>0.376973</td>\n",
       "      <td>-0.003888</td>\n",
       "      <td>0.027681</td>\n",
       "      <td>0.184303</td>\n",
       "      <td>0.362277</td>\n",
       "    </tr>\n",
       "    <tr>\n",
       "      <th>Delete</th>\n",
       "      <td>0.636484</td>\n",
       "      <td>1.000000</td>\n",
       "      <td>0.519580</td>\n",
       "      <td>0.386166</td>\n",
       "      <td>-0.002355</td>\n",
       "      <td>0.007750</td>\n",
       "      <td>0.210423</td>\n",
       "      <td>0.370621</td>\n",
       "    </tr>\n",
       "    <tr>\n",
       "      <th>OLM</th>\n",
       "      <td>0.469002</td>\n",
       "      <td>0.519580</td>\n",
       "      <td>1.000000</td>\n",
       "      <td>0.778646</td>\n",
       "      <td>0.005716</td>\n",
       "      <td>0.017771</td>\n",
       "      <td>0.298129</td>\n",
       "      <td>0.350541</td>\n",
       "    </tr>\n",
       "    <tr>\n",
       "      <th>OLM-S</th>\n",
       "      <td>0.376973</td>\n",
       "      <td>0.386166</td>\n",
       "      <td>0.778646</td>\n",
       "      <td>1.000000</td>\n",
       "      <td>0.005622</td>\n",
       "      <td>0.012634</td>\n",
       "      <td>0.374481</td>\n",
       "      <td>0.301163</td>\n",
       "    </tr>\n",
       "    <tr>\n",
       "      <th>Grad.</th>\n",
       "      <td>-0.003888</td>\n",
       "      <td>-0.002355</td>\n",
       "      <td>0.005716</td>\n",
       "      <td>0.005622</td>\n",
       "      <td>1.000000</td>\n",
       "      <td>0.001884</td>\n",
       "      <td>0.030472</td>\n",
       "      <td>0.012021</td>\n",
       "    </tr>\n",
       "    <tr>\n",
       "      <th>Grad*Input</th>\n",
       "      <td>0.027681</td>\n",
       "      <td>0.007750</td>\n",
       "      <td>0.017771</td>\n",
       "      <td>0.012634</td>\n",
       "      <td>0.001884</td>\n",
       "      <td>1.000000</td>\n",
       "      <td>0.032011</td>\n",
       "      <td>0.036633</td>\n",
       "    </tr>\n",
       "    <tr>\n",
       "      <th>Sensitivity</th>\n",
       "      <td>0.184303</td>\n",
       "      <td>0.210423</td>\n",
       "      <td>0.298129</td>\n",
       "      <td>0.374481</td>\n",
       "      <td>0.030472</td>\n",
       "      <td>0.032011</td>\n",
       "      <td>1.000000</td>\n",
       "      <td>0.134606</td>\n",
       "    </tr>\n",
       "    <tr>\n",
       "      <th>Integr. grad</th>\n",
       "      <td>0.362277</td>\n",
       "      <td>0.370621</td>\n",
       "      <td>0.350541</td>\n",
       "      <td>0.301163</td>\n",
       "      <td>0.012021</td>\n",
       "      <td>0.036633</td>\n",
       "      <td>0.134606</td>\n",
       "      <td>1.000000</td>\n",
       "    </tr>\n",
       "  </tbody>\n",
       "</table>\n",
       "</div>"
      ],
      "text/plain": [
       "                   Unk    Delete       OLM     OLM-S     Grad.  Grad*Input  \\\n",
       "Method                                                                       \n",
       "Unk           1.000000  0.636484  0.469002  0.376973 -0.003888    0.027681   \n",
       "Delete        0.636484  1.000000  0.519580  0.386166 -0.002355    0.007750   \n",
       "OLM           0.469002  0.519580  1.000000  0.778646  0.005716    0.017771   \n",
       "OLM-S         0.376973  0.386166  0.778646  1.000000  0.005622    0.012634   \n",
       "Grad.        -0.003888 -0.002355  0.005716  0.005622  1.000000    0.001884   \n",
       "Grad*Input    0.027681  0.007750  0.017771  0.012634  0.001884    1.000000   \n",
       "Sensitivity   0.184303  0.210423  0.298129  0.374481  0.030472    0.032011   \n",
       "Integr. grad  0.362277  0.370621  0.350541  0.301163  0.012021    0.036633   \n",
       "\n",
       "              Sensitivity  Integr. grad  \n",
       "Method                                   \n",
       "Unk              0.184303      0.362277  \n",
       "Delete           0.210423      0.370621  \n",
       "OLM              0.298129      0.350541  \n",
       "OLM-S            0.374481      0.301163  \n",
       "Grad.            0.030472      0.012021  \n",
       "Grad*Input       0.032011      0.036633  \n",
       "Sensitivity      1.000000      0.134606  \n",
       "Integr. grad     0.134606      1.000000  "
      ]
     },
     "execution_count": 30,
     "metadata": {},
     "output_type": "execute_result"
    }
   ],
   "source": [
    "SST2_RESULTS_PATH = os.path.join(RESULTS_DIR, \"sst2\")\n",
    "sst2_experiment_relevances = experiment_load_relevances(SST2_RESULTS_PATH)\n",
    "\n",
    "sst2_correlation = experiment_relevance_correlation(sst2_experiment_relevances,\n",
    "                                                    strategies=[\"unk\", \"delete\", \"resampling\", \"resampling_std\", \"grad\", \"gradxinput\", \"saliency\", \"integratedgrad\"],\n",
    "                                                    strategy_name_map=STRATEGY_NAME_MAPPING)\n",
    "print(sst2_correlation.to_latex(float_format=\"{:0.2f}\".format, multicolumn_format=\"c\"))\n",
    "sst2_correlation"
   ]
  },
  {
   "cell_type": "markdown",
   "metadata": {},
   "source": [
    "# SST-2 (LSTM)"
   ]
  },
  {
   "cell_type": "code",
   "execution_count": 31,
   "metadata": {},
   "outputs": [
    {
     "name": "stdout",
     "output_type": "stream",
     "text": [
      "\\begin{tabular}{lrrrrrrrr}\n",
      "\\toprule\n",
      "{} &   Unk &  Delete &  OLM &  OLM-S &  Grad. &  Grad*Input &  Sensitivity &  Integr. grad \\\\\n",
      "Method       &       &         &      &        &        &             &              &               \\\\\n",
      "\\midrule\n",
      "Unk          &  1.00 &    0.70 & 0.60 &   0.36 &  -0.11 &        0.56 &         0.17 &          0.44 \\\\\n",
      "Delete       &  0.70 &    1.00 & 0.68 &   0.41 &   0.06 &        0.57 &         0.26 &          0.49 \\\\\n",
      "OLM          &  0.60 &    0.68 & 1.00 &   0.62 &   0.07 &        0.49 &         0.27 &          0.44 \\\\\n",
      "OLM-S        &  0.36 &    0.41 & 0.62 &   1.00 &   0.10 &        0.28 &         0.45 &          0.27 \\\\\n",
      "Grad.        & -0.11 &    0.06 & 0.07 &   0.10 &   1.00 &        0.09 &         0.19 &          0.03 \\\\\n",
      "Grad*Input   &  0.56 &    0.57 & 0.49 &   0.28 &   0.09 &        1.00 &         0.16 &          0.44 \\\\\n",
      "Sensitivity  &  0.17 &    0.26 & 0.27 &   0.45 &   0.19 &        0.16 &         1.00 &          0.15 \\\\\n",
      "Integr. grad &  0.44 &    0.49 & 0.44 &   0.27 &   0.03 &        0.44 &         0.15 &          1.00 \\\\\n",
      "\\bottomrule\n",
      "\\end{tabular}\n",
      "\n"
     ]
    },
    {
     "data": {
      "text/html": [
       "<div>\n",
       "<style scoped>\n",
       "    .dataframe tbody tr th:only-of-type {\n",
       "        vertical-align: middle;\n",
       "    }\n",
       "\n",
       "    .dataframe tbody tr th {\n",
       "        vertical-align: top;\n",
       "    }\n",
       "\n",
       "    .dataframe thead th {\n",
       "        text-align: right;\n",
       "    }\n",
       "</style>\n",
       "<table border=\"1\" class=\"dataframe\">\n",
       "  <thead>\n",
       "    <tr style=\"text-align: right;\">\n",
       "      <th></th>\n",
       "      <th>Unk</th>\n",
       "      <th>Delete</th>\n",
       "      <th>OLM</th>\n",
       "      <th>OLM-S</th>\n",
       "      <th>Grad.</th>\n",
       "      <th>Grad*Input</th>\n",
       "      <th>Sensitivity</th>\n",
       "      <th>Integr. grad</th>\n",
       "    </tr>\n",
       "    <tr>\n",
       "      <th>Method</th>\n",
       "      <th></th>\n",
       "      <th></th>\n",
       "      <th></th>\n",
       "      <th></th>\n",
       "      <th></th>\n",
       "      <th></th>\n",
       "      <th></th>\n",
       "      <th></th>\n",
       "    </tr>\n",
       "  </thead>\n",
       "  <tbody>\n",
       "    <tr>\n",
       "      <th>Unk</th>\n",
       "      <td>1.000000</td>\n",
       "      <td>0.701938</td>\n",
       "      <td>0.601099</td>\n",
       "      <td>0.355563</td>\n",
       "      <td>-0.105752</td>\n",
       "      <td>0.564114</td>\n",
       "      <td>0.170479</td>\n",
       "      <td>0.437578</td>\n",
       "    </tr>\n",
       "    <tr>\n",
       "      <th>Delete</th>\n",
       "      <td>0.701938</td>\n",
       "      <td>1.000000</td>\n",
       "      <td>0.679008</td>\n",
       "      <td>0.408872</td>\n",
       "      <td>0.059867</td>\n",
       "      <td>0.569427</td>\n",
       "      <td>0.255421</td>\n",
       "      <td>0.494065</td>\n",
       "    </tr>\n",
       "    <tr>\n",
       "      <th>OLM</th>\n",
       "      <td>0.601099</td>\n",
       "      <td>0.679008</td>\n",
       "      <td>1.000000</td>\n",
       "      <td>0.621485</td>\n",
       "      <td>0.065762</td>\n",
       "      <td>0.491497</td>\n",
       "      <td>0.272031</td>\n",
       "      <td>0.437985</td>\n",
       "    </tr>\n",
       "    <tr>\n",
       "      <th>OLM-S</th>\n",
       "      <td>0.355563</td>\n",
       "      <td>0.408872</td>\n",
       "      <td>0.621485</td>\n",
       "      <td>1.000000</td>\n",
       "      <td>0.096932</td>\n",
       "      <td>0.283404</td>\n",
       "      <td>0.447648</td>\n",
       "      <td>0.273982</td>\n",
       "    </tr>\n",
       "    <tr>\n",
       "      <th>Grad.</th>\n",
       "      <td>-0.105752</td>\n",
       "      <td>0.059867</td>\n",
       "      <td>0.065762</td>\n",
       "      <td>0.096932</td>\n",
       "      <td>1.000000</td>\n",
       "      <td>0.089549</td>\n",
       "      <td>0.190294</td>\n",
       "      <td>0.031550</td>\n",
       "    </tr>\n",
       "    <tr>\n",
       "      <th>Grad*Input</th>\n",
       "      <td>0.564114</td>\n",
       "      <td>0.569427</td>\n",
       "      <td>0.491497</td>\n",
       "      <td>0.283404</td>\n",
       "      <td>0.089549</td>\n",
       "      <td>1.000000</td>\n",
       "      <td>0.160369</td>\n",
       "      <td>0.444666</td>\n",
       "    </tr>\n",
       "    <tr>\n",
       "      <th>Sensitivity</th>\n",
       "      <td>0.170479</td>\n",
       "      <td>0.255421</td>\n",
       "      <td>0.272031</td>\n",
       "      <td>0.447648</td>\n",
       "      <td>0.190294</td>\n",
       "      <td>0.160369</td>\n",
       "      <td>1.000000</td>\n",
       "      <td>0.153623</td>\n",
       "    </tr>\n",
       "    <tr>\n",
       "      <th>Integr. grad</th>\n",
       "      <td>0.437578</td>\n",
       "      <td>0.494065</td>\n",
       "      <td>0.437985</td>\n",
       "      <td>0.273982</td>\n",
       "      <td>0.031550</td>\n",
       "      <td>0.444666</td>\n",
       "      <td>0.153623</td>\n",
       "      <td>1.000000</td>\n",
       "    </tr>\n",
       "  </tbody>\n",
       "</table>\n",
       "</div>"
      ],
      "text/plain": [
       "                   Unk    Delete       OLM     OLM-S     Grad.  Grad*Input  \\\n",
       "Method                                                                       \n",
       "Unk           1.000000  0.701938  0.601099  0.355563 -0.105752    0.564114   \n",
       "Delete        0.701938  1.000000  0.679008  0.408872  0.059867    0.569427   \n",
       "OLM           0.601099  0.679008  1.000000  0.621485  0.065762    0.491497   \n",
       "OLM-S         0.355563  0.408872  0.621485  1.000000  0.096932    0.283404   \n",
       "Grad.        -0.105752  0.059867  0.065762  0.096932  1.000000    0.089549   \n",
       "Grad*Input    0.564114  0.569427  0.491497  0.283404  0.089549    1.000000   \n",
       "Sensitivity   0.170479  0.255421  0.272031  0.447648  0.190294    0.160369   \n",
       "Integr. grad  0.437578  0.494065  0.437985  0.273982  0.031550    0.444666   \n",
       "\n",
       "              Sensitivity  Integr. grad  \n",
       "Method                                   \n",
       "Unk              0.170479      0.437578  \n",
       "Delete           0.255421      0.494065  \n",
       "OLM              0.272031      0.437985  \n",
       "OLM-S            0.447648      0.273982  \n",
       "Grad.            0.190294      0.031550  \n",
       "Grad*Input       0.160369      0.444666  \n",
       "Sensitivity      1.000000      0.153623  \n",
       "Integr. grad     0.153623      1.000000  "
      ]
     },
     "execution_count": 31,
     "metadata": {},
     "output_type": "execute_result"
    }
   ],
   "source": [
    "SST2_LSTM_RESULTS_PATH = os.path.join(RESULTS_DIR, \"sst2_lstm\")\n",
    "sst2_lstm_experiment_relevances = experiment_load_relevances(SST2_LSTM_RESULTS_PATH)\n",
    "\n",
    "sst2_lstm_correlation = experiment_relevance_correlation(sst2_lstm_experiment_relevances,\n",
    "                                                         strategies=[\"unk\", \"delete\", \"resampling\", \"resampling_std\", \"grad\", \"gradxinput\", \"saliency\", \"integratedgrad\"],\n",
    "                                                         strategy_name_map=STRATEGY_NAME_MAPPING)\n",
    "print(sst2_lstm_correlation.to_latex(float_format=\"{:0.2f}\".format, multicolumn_format=\"c\"))\n",
    "sst2_lstm_correlation"
   ]
  },
  {
   "cell_type": "code",
   "execution_count": 32,
   "metadata": {},
   "outputs": [
    {
     "name": "stdout",
     "output_type": "stream",
     "text": [
      "\\begin{tabular}{lrrrrrrrr}\n",
      "\\toprule\n",
      "{} &   Unk &  Delete &  OLM &  OLM-S &  Grad. &  Grad*Input &  Sensitivity &  Integr. grad \\\\\n",
      "Method       &       &         &      &        &        &             &              &               \\\\\n",
      "\\midrule\n",
      "Unk          &  1.00 &    0.35 & 0.21 &   0.12 &  -0.00 &        0.03 &         0.03 &          0.14 \\\\\n",
      "Delete       &  0.35 &    1.00 & 0.25 &   0.15 &  -0.00 &        0.04 &         0.02 &          0.18 \\\\\n",
      "OLM          &  0.21 &    0.25 & 1.00 &   0.56 &   0.02 &        0.02 &         0.20 &          0.15 \\\\\n",
      "OLM-S        &  0.12 &    0.15 & 0.56 &   1.00 &   0.03 &        0.03 &         0.29 &          0.09 \\\\\n",
      "Grad.        & -0.00 &   -0.00 & 0.02 &   0.03 &   1.00 &        0.01 &        -0.00 &         -0.01 \\\\\n",
      "Grad*Input   &  0.03 &    0.04 & 0.02 &   0.03 &   0.01 &        1.00 &        -0.00 &          0.12 \\\\\n",
      "Sensitivity  &  0.03 &    0.02 & 0.20 &   0.29 &  -0.00 &       -0.00 &         1.00 &          0.07 \\\\\n",
      "Integr. grad &  0.14 &    0.18 & 0.15 &   0.09 &  -0.01 &        0.12 &         0.07 &          1.00 \\\\\n",
      "\\bottomrule\n",
      "\\end{tabular}\n",
      "\n"
     ]
    },
    {
     "data": {
      "text/html": [
       "<div>\n",
       "<style scoped>\n",
       "    .dataframe tbody tr th:only-of-type {\n",
       "        vertical-align: middle;\n",
       "    }\n",
       "\n",
       "    .dataframe tbody tr th {\n",
       "        vertical-align: top;\n",
       "    }\n",
       "\n",
       "    .dataframe thead th {\n",
       "        text-align: right;\n",
       "    }\n",
       "</style>\n",
       "<table border=\"1\" class=\"dataframe\">\n",
       "  <thead>\n",
       "    <tr style=\"text-align: right;\">\n",
       "      <th></th>\n",
       "      <th>Unk</th>\n",
       "      <th>Delete</th>\n",
       "      <th>OLM</th>\n",
       "      <th>OLM-S</th>\n",
       "      <th>Grad.</th>\n",
       "      <th>Grad*Input</th>\n",
       "      <th>Sensitivity</th>\n",
       "      <th>Integr. grad</th>\n",
       "    </tr>\n",
       "    <tr>\n",
       "      <th>Method</th>\n",
       "      <th></th>\n",
       "      <th></th>\n",
       "      <th></th>\n",
       "      <th></th>\n",
       "      <th></th>\n",
       "      <th></th>\n",
       "      <th></th>\n",
       "      <th></th>\n",
       "    </tr>\n",
       "  </thead>\n",
       "  <tbody>\n",
       "    <tr>\n",
       "      <th>Unk</th>\n",
       "      <td>1.000000</td>\n",
       "      <td>0.351959</td>\n",
       "      <td>0.212183</td>\n",
       "      <td>0.115955</td>\n",
       "      <td>-0.002829</td>\n",
       "      <td>0.026229</td>\n",
       "      <td>0.026221</td>\n",
       "      <td>0.136655</td>\n",
       "    </tr>\n",
       "    <tr>\n",
       "      <th>Delete</th>\n",
       "      <td>0.351959</td>\n",
       "      <td>1.000000</td>\n",
       "      <td>0.249682</td>\n",
       "      <td>0.147698</td>\n",
       "      <td>-0.002535</td>\n",
       "      <td>0.036330</td>\n",
       "      <td>0.018538</td>\n",
       "      <td>0.175759</td>\n",
       "    </tr>\n",
       "    <tr>\n",
       "      <th>OLM</th>\n",
       "      <td>0.212183</td>\n",
       "      <td>0.249682</td>\n",
       "      <td>1.000000</td>\n",
       "      <td>0.564801</td>\n",
       "      <td>0.017446</td>\n",
       "      <td>0.020401</td>\n",
       "      <td>0.203886</td>\n",
       "      <td>0.151937</td>\n",
       "    </tr>\n",
       "    <tr>\n",
       "      <th>OLM-S</th>\n",
       "      <td>0.115955</td>\n",
       "      <td>0.147698</td>\n",
       "      <td>0.564801</td>\n",
       "      <td>1.000000</td>\n",
       "      <td>0.030685</td>\n",
       "      <td>0.025178</td>\n",
       "      <td>0.287795</td>\n",
       "      <td>0.092720</td>\n",
       "    </tr>\n",
       "    <tr>\n",
       "      <th>Grad.</th>\n",
       "      <td>-0.002829</td>\n",
       "      <td>-0.002535</td>\n",
       "      <td>0.017446</td>\n",
       "      <td>0.030685</td>\n",
       "      <td>1.000000</td>\n",
       "      <td>0.008709</td>\n",
       "      <td>-0.000928</td>\n",
       "      <td>-0.007255</td>\n",
       "    </tr>\n",
       "    <tr>\n",
       "      <th>Grad*Input</th>\n",
       "      <td>0.026229</td>\n",
       "      <td>0.036330</td>\n",
       "      <td>0.020401</td>\n",
       "      <td>0.025178</td>\n",
       "      <td>0.008709</td>\n",
       "      <td>1.000000</td>\n",
       "      <td>-0.001070</td>\n",
       "      <td>0.116754</td>\n",
       "    </tr>\n",
       "    <tr>\n",
       "      <th>Sensitivity</th>\n",
       "      <td>0.026221</td>\n",
       "      <td>0.018538</td>\n",
       "      <td>0.203886</td>\n",
       "      <td>0.287795</td>\n",
       "      <td>-0.000928</td>\n",
       "      <td>-0.001070</td>\n",
       "      <td>1.000000</td>\n",
       "      <td>0.068817</td>\n",
       "    </tr>\n",
       "    <tr>\n",
       "      <th>Integr. grad</th>\n",
       "      <td>0.136655</td>\n",
       "      <td>0.175759</td>\n",
       "      <td>0.151937</td>\n",
       "      <td>0.092720</td>\n",
       "      <td>-0.007255</td>\n",
       "      <td>0.116754</td>\n",
       "      <td>0.068817</td>\n",
       "      <td>1.000000</td>\n",
       "    </tr>\n",
       "  </tbody>\n",
       "</table>\n",
       "</div>"
      ],
      "text/plain": [
       "                   Unk    Delete       OLM     OLM-S     Grad.  Grad*Input  \\\n",
       "Method                                                                       \n",
       "Unk           1.000000  0.351959  0.212183  0.115955 -0.002829    0.026229   \n",
       "Delete        0.351959  1.000000  0.249682  0.147698 -0.002535    0.036330   \n",
       "OLM           0.212183  0.249682  1.000000  0.564801  0.017446    0.020401   \n",
       "OLM-S         0.115955  0.147698  0.564801  1.000000  0.030685    0.025178   \n",
       "Grad.        -0.002829 -0.002535  0.017446  0.030685  1.000000    0.008709   \n",
       "Grad*Input    0.026229  0.036330  0.020401  0.025178  0.008709    1.000000   \n",
       "Sensitivity   0.026221  0.018538  0.203886  0.287795 -0.000928   -0.001070   \n",
       "Integr. grad  0.136655  0.175759  0.151937  0.092720 -0.007255    0.116754   \n",
       "\n",
       "              Sensitivity  Integr. grad  \n",
       "Method                                   \n",
       "Unk              0.026221      0.136655  \n",
       "Delete           0.018538      0.175759  \n",
       "OLM              0.203886      0.151937  \n",
       "OLM-S            0.287795      0.092720  \n",
       "Grad.           -0.000928     -0.007255  \n",
       "Grad*Input      -0.001070      0.116754  \n",
       "Sensitivity      1.000000      0.068817  \n",
       "Integr. grad     0.068817      1.000000  "
      ]
     },
     "execution_count": 32,
     "metadata": {},
     "output_type": "execute_result"
    }
   ],
   "source": [
    "COLA_RESULTS_PATH = os.path.join(RESULTS_DIR, \"cola\")\n",
    "cola_experiment_relevances = experiment_load_relevances(COLA_RESULTS_PATH)\n",
    "\n",
    "cola_correlation = experiment_relevance_correlation(cola_experiment_relevances,\n",
    "                                                    strategies=[\"unk\", \"delete\", \"resampling\", \"resampling_std\", \"grad\", \"gradxinput\", \"saliency\", \"integratedgrad\"],\n",
    "                                                    strategy_name_map=STRATEGY_NAME_MAPPING)\n",
    "print(cola_correlation.to_latex(float_format=\"{:0.2f}\".format, multicolumn_format=\"c\"))\n",
    "cola_correlation"
   ]
  },
  {
   "cell_type": "code",
   "execution_count": 35,
   "metadata": {},
   "outputs": [
    {
     "name": "stdout",
     "output_type": "stream",
     "text": [
      "\\begin{tabular}{lrrrrrr}\n",
      "\\toprule\n",
      "{} & \\multicolumn{2}{c}{MNLI} & \\multicolumn{2}{c}{SST-2} & \\multicolumn{2}{c}{CoLA} \\\\\n",
      "{} &   OLM & OLM-S &   OLM & OLM-S &  OLM & OLM-S \\\\\n",
      "\\midrule\n",
      "Unk          &  0.58 &  0.32 &  0.47 &  0.38 & 0.21 &  0.12 \\\\\n",
      "Delete       &  0.60 &  0.32 &  0.52 &  0.39 & 0.25 &  0.15 \\\\\n",
      "OLM          &  1.00 &  0.61 &  1.00 &  0.78 & 1.00 &  0.56 \\\\\n",
      "OLM-S        &  0.61 &  1.00 &  0.78 &  1.00 & 0.56 &  1.00 \\\\\n",
      "Grad.        &  0.00 & -0.00 &  0.01 &  0.01 & 0.02 &  0.03 \\\\\n",
      "Grad*Input   & -0.03 & -0.01 &  0.02 &  0.01 & 0.02 &  0.03 \\\\\n",
      "Sensitivity  &  0.27 &  0.35 &  0.30 &  0.37 & 0.20 &  0.29 \\\\\n",
      "Integr. grad &  0.28 &  0.20 &  0.35 &  0.30 & 0.15 &  0.09 \\\\\n",
      "\\bottomrule\n",
      "\\end{tabular}\n",
      "\n"
     ]
    },
    {
     "data": {
      "text/html": [
       "<div>\n",
       "<style scoped>\n",
       "    .dataframe tbody tr th:only-of-type {\n",
       "        vertical-align: middle;\n",
       "    }\n",
       "\n",
       "    .dataframe tbody tr th {\n",
       "        vertical-align: top;\n",
       "    }\n",
       "\n",
       "    .dataframe thead tr th {\n",
       "        text-align: left;\n",
       "    }\n",
       "</style>\n",
       "<table border=\"1\" class=\"dataframe\">\n",
       "  <thead>\n",
       "    <tr>\n",
       "      <th></th>\n",
       "      <th colspan=\"2\" halign=\"left\">MNLI</th>\n",
       "      <th colspan=\"2\" halign=\"left\">SST-2</th>\n",
       "      <th colspan=\"2\" halign=\"left\">CoLA</th>\n",
       "    </tr>\n",
       "    <tr>\n",
       "      <th></th>\n",
       "      <th>OLM</th>\n",
       "      <th>OLM-S</th>\n",
       "      <th>OLM</th>\n",
       "      <th>OLM-S</th>\n",
       "      <th>OLM</th>\n",
       "      <th>OLM-S</th>\n",
       "    </tr>\n",
       "  </thead>\n",
       "  <tbody>\n",
       "    <tr>\n",
       "      <th>Unk</th>\n",
       "      <td>0.580645</td>\n",
       "      <td>0.316609</td>\n",
       "      <td>0.469002</td>\n",
       "      <td>0.376973</td>\n",
       "      <td>0.212183</td>\n",
       "      <td>0.115955</td>\n",
       "    </tr>\n",
       "    <tr>\n",
       "      <th>Delete</th>\n",
       "      <td>0.601821</td>\n",
       "      <td>0.324969</td>\n",
       "      <td>0.519580</td>\n",
       "      <td>0.386166</td>\n",
       "      <td>0.249682</td>\n",
       "      <td>0.147698</td>\n",
       "    </tr>\n",
